! Level 1
! # = Tile Legend 
! 2 = Grass Top
! 3 = Tile Dirt
! 4 = TileStone
! 5 = Tree
! 6 = Tile Rock
!___________________________________________________MAP_____________________________________________________________________________________________________________________________________________________________________________________________________________________________________________________________________________________________________________________________________________________________________________________________________________________________________________________________________________________________________________________________________________________________________________________________________________________
                                                                                                                                                                                         3                                                                                                               333333333333333333333333333333333333333333333333333333333333333333333333                              6 
                                                                                                                                                                                         3                                                                                                                  3333333333333333333333333333333333333333333                         33                              6 
                                               5                                                                                                                                         3                                                                                                                    33333333333333333333333333333333333333                            33                              6
                                                                                                                                                                                         3                                                                                                                      33333333333333333333333333333333                                33               6              6
                                                                                                                                                                                    2    3                                                                                                                        3333333333333333333333333                                     33              666666          6
 5                                                                                                                                                                                 23    35                                 *                                                                                       333333333333333333                       33333333333333     33            6666              6 
                                                                                22                                                                                          22 2    3    3            2222222                             4                                                        5                  333333333333                        33333333333333333     335  6      666  65             6    5
                                                                                                                  *                                                      6  32 3    3    3         22                                      44                                                                                                          33333333333333333333     33        666    6              6
                                                         22222223333222222332222    233222223223232223                22                                              22 6  32 3    3    3        2                                        444                                                                                                     33333333333333333333333     33               6         666666
                                                    22                                                               2422                                          22 3  6  32 3    3    3                        22222222222             4                                                                                                     333333333333                    332              6              6
                                                                                                                    242422                                      22 3  3  6  32 3    3    3                     333       3                444           *                                                                                    333333333333333                    3332             6              6
                                                                                                                   22242422                        22222222222  3  3  3  6  32 3    3    3     2222           33         3       22222222222222222                                                                    33333333333333333333333333333333333333                    333322           6              6  
                     4                           3            *                                        22         2242224242               2222          44443  3  3  3  6  32 3    3    3                    33         3                3                                                                         3333333333333333333333333333333333333333                    33333322         666666         6
2                  4 4 4                 2222222222                                                              222242424222                            44443  3  3  3  6  32 3    3    3                 22333         3                3                  4                                                    333333333333333333333333333333333333333333     3333333333333333333333322       6              6  
3                  4444              22223333333333                                                             22424242424242                           33333  3  3  3  6  32 3    3    222              233333         3                3                 444                                                 33333333333333333333333333333333333333333333                                   226                 
3                  4444             2333333333333333322                                                        2242424242424242                          3      3  3  3  6  32 3    3                    2344333         3                3              44444444                 *                            3333333333333333333333333333333333333333333333                                  2336               
3                   44             2333333333333333333332                                                     224242424242424242                 22      3      3  3  3  6  32 3    3                    3344333         3                3          66666666666666666666666666666666666                    333333333333333333333333333333333333333333333333                                 23336               
3                   44            *3333333333333333333333                              *                     24224242424242424242               *33      3      3  3  3  6  32 3    3                  223344333         3                3             3                           3                     33333333333333333333333333333333333333333333333333                            *   233336                   *
322222222222222222222222    22222223333333333333333333333222222   22    223322   22   22   222   22   222222222222222222222222222222222222222222233      3      3  3  3  6  32 3    32222222222222222223333443           3                3             3                           3      2222222222222223333333333333333333333333333333333333333333333333322222222222222222222222222222222333336       66   66666666666666666666666666
333333333333333333333333    33333333333333333333333333333333333   33    333333   33   33   333   33   333333333333333333333333333333333333333333333      3      3  3  3  6  32 3    33333333333333333333333443           3                3             3                           3      3333333333333333333333333333333333333333333333333333333333333333333333333333333333333333333333333333336            666666666666666666666666666666666666                                                             33333333333333333333333333333333333333333333333333333333333333333333333333333333333333333333333333333333333333333333333333333333333333333333333333333333333333333333333333333333333333333333333333333333333333333333333333333333333333333333333333333333333333333333333333333333333333333333333333333333333333333333333333333333333333333333333333333333333333333333333333333333333333333333333333333333333333333333333333333333333333333333333333333333333333333333333333333333333333333333333333333333333333333333333333333333333333333333
#         #         #         #         #         #         #         #         #         #         #         #         #         #         #         #         #         #         #         #         #         #         #         #         #         #         #         #         #         #         #         